1.500000000000000000e+04
1.510000000000000000e+04
1.520000000000000000e+04
1.530000000000000000e+04
1.540000000000000000e+04
1.550000000000000000e+04
1.560000000000000000e+04
1.570000000000000000e+04
1.580000000000000000e+04
1.590000000000000000e+04
1.600000000000000000e+04
1.610000000000000000e+04
1.620000000000000000e+04
1.630000000000000000e+04
1.640000000000000000e+04
1.650000000000000000e+04
1.660000000000000000e+04
1.670000000000000000e+04
1.680000000000000000e+04
1.690000000000000000e+04
1.700000000000000000e+04
1.710000000000000000e+04
1.720000000000000000e+04
1.730000000000000000e+04
1.740000000000000000e+04
1.750000000000000000e+04
1.760000000000000000e+04
1.770000000000000000e+04
1.780000000000000000e+04
1.790000000000000000e+04
1.800000000000000000e+04
1.810000000000000000e+04
1.820000000000000000e+04
1.830000000000000000e+04
1.840000000000000000e+04
1.850000000000000000e+04
1.860000000000000000e+04
1.870000000000000000e+04
1.880000000000000000e+04
1.890000000000000000e+04
1.900000000000000000e+04
1.910000000000000000e+04
1.920000000000000000e+04
1.930000000000000000e+04
1.940000000000000000e+04
1.950000000000000000e+04
1.960000000000000000e+04
1.970000000000000000e+04
1.980000000000000000e+04
1.990000000000000000e+04
